823.0
794.0
733.0
730.0
702.0
618.0
592.0
594.0
583.0
570.0
555.0
549.0
546.0
545.0
537.0
531.0
528.0
528.0
525.0
516.0
513.0
507.0
506.0
506.0
488.0
486.0
478.0
473.0
472.0
466.0
465.0
462.0
461.0
456.0
454.0
446.0
446.0
431.0
429.0
427.0
426.0
426.0
426.0
424.0
422.0
419.0
420.0
418.0
417.0
406.0
409.0
406.0
405.0
404.0
403.0
397.0
392.0
388.0
391.0
389.0
387.0
383.0
382.0
382.0
382.0
380.0
378.0
369.0
369.0
366.0
363.0
364.0
353.0
352.0
349.0
349.0
345.0
347.0
343.0
343.0
338.0
336.0
333.0
330.0
328.0
327.0
328.0
326.0
327.0
323.0
322.0
322.0
317.0
317.0
314.0
312.0
311.0
309.0
309.0
303.0
300.0
300.0
297.0
292.0
291.0
291.0
291.0
288.0
282.0
283.0
281.0
279.0
279.0
277.0
277.0
275.0
275.0
272.0
270.0
270.0
269.0
267.0
268.0
268.0
266.0
263.0
261.0
260.0
259.0
254.0
252.0
251.0
250.0
248.0
247.0
246.0
245.0
243.0
242.0
240.0
240.0
240.0
236.0
231.0
231.0
229.0
226.0
225.0
221.0
219.0
219.0
212.0
209.0
207.0
205.0
202.0
203.0
197.0
196.0
192.0
193.0
182.0
182.0
180.0
180.0
177.0
170.0
169.0
168.0
165.0
162.0
163.0
161.0
160.0
158.0
155.0
154.0
153.0
150.0
149.0
149.0
144.0
143.0
143.0
140.0
137.0
136.0
134.0
132.0
130.0
128.0
127.0
127.0
126.0
125.0
121.0
120.0
119.0
119.0
116.0
116.0
115.0
113.0
111.0
111.0
110.0
106.0
107.0
106.0
105.0
102.0
101.0
100.0
93.0
92.0
90.0
86.0
84.0
82.0
82.0
81.0
81.0
81.0
80.0
78.0
76.0
74.0
72.0
69.0
69.0
68.0
67.0
66.0
64.0
63.0
63.0
63.0
62.0
61.0
58.0
57.0
50.0
49.0
48.0
48.0
48.0
47.0
46.0
43.0
39.0
38.0
34.0
30.0
30.0
27.0
25.0
25.0
25.0
25.0
24.0
22.0
21.0
21.0
20.0
19.0
19.0
19.0
18.0
17.0
16.0
16.0
15.0
15.0
13.0
13.0
13.0
11.0
11.0
11.0
10.0
10.0
10.0
9.0
8.0
8.0
8.0
8.0
8.0
7.0
7.0
6.0
6.0
5.0
5.0
5.0
4.0
4.0
4.0
4.0
4.0
4.0
4.0
3.0
2.0
2.0
1.0
1.0
1.0
1.0
1.0
0.0
0.0
0.0
0.0
0.0
0.0
0.0
0.0
0.0
0.0
0.0
